NNADRO2780984000 00000000000423420161213
00328785509083000001
03337872411083000001
03337872411991000001
03433422404366000001
03504105016623000001
03504105019884000001
00354312425304000001
05034642021753000001
00051131641136000001
00650240007651000001
00650240010712000001
00650240011351000001
00650240014598000001
00650240020278000001
00650240020353000001
00650240021824000001
07501001168933000001
07501027209184000001
07501027570017000001
00037836084171000001
00385222019505000001
00389701000442000001
04030571003359000001
05013405666318000001
05013405666332000001
00650240028991000001
00675873002033000001
00675873002040000001
00675873002163000001
00675873002187000001
00729513100488000001
00734722456417000001
00736085051063000001
00736085189025000001
00736085244069000001
00748499000926000001
00000075004088000001
07501006820034000001
07501008409503000001
07501008433553000001
07501022110348000001
07501033950186000001
07501033950636000001
07501033952869000001
07501033955952000001
07501033957567000001
07501033957871000001
07501034660152000001
07501034665560000001
07501037901580000001
07501037908015000001
07501037908084000001
07501037910063000001
07501037950526000001
07501037985092000001
07501039701058000001
07501050606585000001
07501043160971000001
07501043161640000001
07501043163033000001
07501043163057000001
07501043165242000001
07501046426975000001
07501046482490000001
07501046490693000001
07501048620159000001
07501050699990000001
07501056330385000001
07501056346058000001
07501070635664000001
07501070636234000001
07501070636395000001
07501092720843000001
07501092743033000001
07501092773511000001
07501059234857000001
07501059238855000001
07501061002802000001
07501061019206000001
07501061050186000001
07501070639655000001
07501070647025000001
07501072300225000001
07501072340030000001
07501072350008000001
07501073025417000001
07501080111172000001
07501080910003000001
07501080910010000001
07501080912038000001
07501082212013000001
07501082212181000001
07501086301041000001
07501086310401000001
07501088504365000001
07501088504808000001
07501088504839000001
07501088509902000001
07501088617355000001
07501088618451000001
07501089802439000001
07501089802606000001
07501094910723000001
07501094911089000001
07501094916800000001
07501058714305000001
07501098605755000001
07501092785019000001
07501092786054000001
07501108762157000001
07501108767886000001
07501109900596000001
07501109901586000001
07501109903054000001
07501109904440000001
07501109910847000001
07501109910984000001
07501098607834000001
07501098611305000001
07501098623223000001
00020065601615000001
00020800722452000001
00300093116016000001
00310119056158000001
07501101606236000001
07501101649035000001
07501103305854000001
07501108761860000001
07501123011711000001
07501123014743000001
07501124103354000001
07501124109509000001
07501124180195000001
07501124723095000001
07501124760250000001
07501124810917000001
07501124812591000001
07501124850708000001
07501125104268000001
07501125104343000001
07501125109928000001
07501125109935000001
07501125111082000001
07501228300277000001
07501125130885000001
07501125153495000001
07501125154614000001
07501125155642000001
07501125161070000001
07501125161100000001
07501125161520000001
07501128109611000001
07501142936286000001
07501159580014000001
07501165001237000001
07501165002883000001
07501165005624000001
07501165006126000001
07501165006362000001
07501165007802000001
07501174603309000001
07501188850133000001
07501201400413000001
07501201400796000001
07501201400826000001
07501201403803000001
07501201490797000001
07501258203234000001
07501258208697000001
07501273500073000001
07501273500479000001
07501287624512000001
07501287625700000001
07501287630124000001
07501287687289000001
07501287688033000001
07501287688552000001
07501289500029000001
07501289513302000001
07501289514460000001
07501293201523000001
07501298204987000001
07501298212210000001
07501298218700000001
07501298269009000001
07501299306352000001
07501299307236000001
07501299330050000001
07501299330289000001
07501299338018000001
07501300409034000001
07501300409584000001
07501314701414000001
07501314703616000001
07501314704972000001
07501314705351000001
07501318645080000001
07501318645295000001
07501318697409000001
07501326000871000001
07501326001090000001
07501328976617000001
07501328979298000001
07501328979328000001
07501328979380000001
07501361680243000001
07501361680311000001
07501361680762000001
07501370713574000001
07501384503307000001
07501384541002000001
07501384541217000001
07501385491085000001
07501390910427000001
07501390910823000001
07501390911264000001
07501390911561000001
07501390912599000001
07501400800564000001
07501400800595000001
07501400800656000001
07501406829002000001
07501409201027000001
07501409201270000001
07501409201539000001
07501438302009000001
07501463307000000001
07501493867536000001
07501535300021000001
07501559601159000001
07501581103010000001
07501583300325000001
07501672602989000001
07501871720156000001
07501871720644000001
07501871720774000001
07501871721160000001
07501871721290000001
07501871730315000001
07501943431089000001
07501943468504000001
07502003385113000001
07502007578344000001
00000075020286000001
07502209850873000001
07502213142865000001
07502216798144000001
07502216930186000001
07502216930261000001
07502216933866000001
07502221012105000001
07502221952050000001
07502235760139000001
07502240450155000001
07502241941324000001
07502246641618000001
07502246642813000001
07502246642820000001
07502250341344000001
07502261161177000001
07502262362023000001
07503000883053000001
07503000883398000001
07503000883626000001
07503002770153000001
07503002770238000001
07503006698323000001
07503006916526000001
07503006916755000001
07503007704689000001
07503007822666000001
07503016269612000001
00000075045760000001
07506078919372000001
07506195109366000001
07506246000116000001
07506309862057000001
07612076457430000001
00767475402035000001
07702018023721000001
07702018061518000001
07703281003946000001
07792129002388000001
07795323773016000001
07795368000290000001
07795368054514000001
07891010042950000001
08027950210480000001
08033622630043000001
00008400001962000001
00008400004963000001
00008400005236000001
00008400005489000001
08429420008571000001
08429420046993000001
08430206280197000001
08901120004386000001
08904091150496000001
08904091184712000001
08904091187324000001
07501033953347000001
00650240007019000001
04005800021930000001
04042762011272000001
07502003560572000001
04046222418618000001
07501289510769000001
07501123000869000001
07501123000906000001
07501123000845000001
07896116861160000001
07501303458503000001
07501318612082000001
03499320001526000001
07501318643482000001
07501318610798000001
07896116861597000001
07502003560480000001
07501123017805000001
07501123018918000001
07501188800824000001
07501318634756000001
07501318634732000001
07501188800237000001
07501188800633000001
07501188800800000001
07501318612655000001
07501188850096000001
07501034670120000001
07506200700083000001
00300651433272000001
00729513100495000001
00729513130096000001
07501048613700000001
07501165007956000001
07503013040900000001
07506205802713000001
07501033958175000001
07501033957390000001
07501070639457000001
07501070639594000001
07501033957741000001
07506205804144000001
07501318611481000001
04005808944132000001
07501415701733000001
07501108765127000001
07502213143008000001
07501318626584000001
07703331157001000001
07501318608191000001
07501303451573000001
00650240016967000001
07702010631207000001
07501043111454000001
07501185730551000001
00650240010576000001
00650240014444000001
00650240014451000001
07501019006104000001
07501943454743000001
07509546058702000001
07501943476813000001
07501103300057000001
07501318676114000001
08470003243766000001
07501026462238000001
07501125161278000001
07506334400019000001
07509552909166000001
07502009720635000001
07502009720567000001
07502240450612000001
07501943441781000001
00069055842973000001
00742832641760000001
07502275100018000001
07503007822567000001
07502002461030000001
07502216796843000001
07501034625076000001
07509546060804000001
07506306233355000001
08901120009992000001
07501092721741000001
07501258211666000001
07501125163784000001
07501125154881000001
07501168890159000001
07501033959929000001
08470001648198000001
07502261161795000001
07501701400562000001
08904091104475000001
07501249602800000001
07501390913923000001
07501298204260000001
04005808730254000001
07501299345009000001
07501300407870000001
03760001040869000001
07502213048457000001
07506205809033000001
07506205809323000001
00650240032394000001
07501165010062000001
07501871730728000001
07501075717013000001
07502216797277000001
07506366500206000001
07502002461061000001
07501559611004000001
08429420084674000001
07501027514097000001
07503008821187000001
07506246000642000001
07501033958953000001
07501125162756000001
07501258214445000001
07795309000310000001
07501075718157000001
07501088508998000001
07502209852815000001
07501249606778000001
08027950210527000001
03662042003240000001
07501125159329000001
07501384545338000001
07501075717174000001
07501559606024000001
07501125165269000001
05000456010771000001
07502269002212000001
