NNADRO2780984000 00000000000356320160906
03504105016623000001
00036000180855000001
00051131641136000001
00650240001635000001
00650240011818000001
00650240017025000001
00650240017070000001
00650240026041000001
00037836084171000001
00385220000178000001
04029916001181000001
05013405666318000001
05013405666332000001
00736085244069000001
00736085405668000001
07501006741438000001
07501006820034000001
07501006870756000001
07501022104279000001
07501033953057000001
07501037908640000001
07501043163033000001
07501046486344000001
07501070636234000001
07501092701033000001
07501092720980000001
07501092772965000001
07501059281233000001
07501059281240000001
07501061002802000001
07501061019206000001
07501065055026000001
07501070639655000001
07501072300225000001
07501073086173000001
07501075718546000001
07501088513510000001
07501089802040000001
07501094915353000001
00020065601615000001
07501124180904000001
07501124723095000001
07501124815837000001
07501250838427000001
07501125153501000001
07501128109611000001
07501142970730000001
07501168860107000001
07501258212939000001
07501258212946000001
07501258212953000001
07501287670335000001
07501287687142000001
07501298220406000001
07501298234601000001
07501300407092000001
07501300407399000001
07501318614383000001
07501326000987000001
07501326001106000001
07501328979328000001
07501370713574000001
07501406829002000001
07501450100010000001
07501450100133000001
07501450100218000001
07501493868229000001
07501535300021000001
07501581101009000001
07501943442405000001
07502007578344000001
07502216797482000001
07502216930261000001
07502234767399000001
07502241941119000001
07502246642714000001
07502262360029000001
07502262362023000001
07502262362054000001
07503000883626000001
07503002770238000001
07503006916670000001
07503007704689000001
07506163700434000001
07506295327264000001
07506325000006000001
00767475402035000001
07702018061518000001
08033622630012000001
08033622630043000001
00008400005670000001
08429420046993000001
08470002006430000001
08904091182107000001
08904091185467000001
05701943011201000001
07502003560107000001
07501318697287000001
07501188800800000001
07501034635013000001
07501034670120000001
03499320003742000001
07501073086159000001
00382903201761000001
00310158096436000001
07501415701733000001
07501043111454000001
04019338604978000001
07501185730551000001
07501001124120000001
07503003746171000001
